y-int:  1.6426086
slope:  5.0428106
